009277
008793
050021
005877
012433
005722
012973
005662
008856
008809
008979
009318
008885
007048
048946
008689
009389
009350
005589
009005
009345
005668
005471
005472
006181
009391
009343
008851
049329
009082
050019
008899
007051
009348
048444
006882
000638
008700
009324
049303
005807
005673
049282
008884
009985
008832
008896
000345
008768
049330
009385
009468
009358
009312
009356
006140
048907
009310
006040
008675
008833
009084
009386
008954
013151
005929
008996
009307
009243
009158
008681
006392
008912
009226
001758
008649
008674
009383
013027
007121
049823
009983
004529
007064
001609
009378
012628
006939
012585
048754
000130
048949
002159
005670
008691
012199
001838
009323
012023
012015
001554
048779
048938
009031
006100
008990
009384
008673
006045
003003
007165
009354
008428
002290
008830
012625
009320
009372
006320
008529
009344
005676
009315
009346
006734
013174
009335
048831
010017
008817
048911
009305
005803
009380
009311
008413
001843
009118
009341
006736
006924
009367
048948
048412
012671
009369
012008
009328
010002
007151
009326
001526
009334
005759
009119
006748
012421
008692
012592
009363
008442
009276
008686
005846
049378
011263
009303
010278
009023
008672
008690
009388
012056
008412
005943
048504
002206
012058
006745
049289
002155
006135
009474
009342
012667
008975
012201
001608
008791
008910
048928
001168
048797
005760
011265
000052
048426
048850
049753
005997
009366
012398
008650
008725
005798
049638
010419
001773
006006
002000
012874
048979
009476
009332
048676
006037
001750
002627
002297
005647
004632
009293
