005752
005981
005975
005717
002555
011520
006068
005972
010344
005990
005712
005718
048516
048538
048624
048449
008616
005901
005755
005732
006105
011711
006058
010609
008631
048753
005757
005820
006973
006078
012673
005754
049612
002342
048536
048796
012025
012017
006029
005792
013553
005976
005875
006065
005999
005986
013340
012961
006128
006008
049152
048616
013536
008656
005666
049580
050032
005729
006118
005650
011027
005962
004969
006141
001977
006012
006011
011150
008621
048961
012493
048689
012542
011697
005743
005978
049443
005687
005004
005887
012455
012623
010237
008637
004620
002071
006970
011873
004155
004159
010041
049530
049535
005992
006144
006091
010270
006896
012040
010060
049531
007146
008628
009138
008871
050103
009403
005063
013551
005775
012443
004940
