000098
003486
004478
005414
048658
000221
004199
003277
004200
005026
005152
004516
006730
005406
004474
006709
005202
050145
004165
005071
011985
004490
009686
006712
001369
000580
005479
004213
004399
005102
004398
049221
004203
008897
004526
004567
005127
010465
008819
049263
013533
048417
048868
006694
009370
000223
004569
005486
006715
048882
007003
010783
000220
004293
005167
009776
006542
012539
004188
049230
010586
004654
004571
004477
008980
009694
013133
005207
005257
006283
004319
004574
049859
004572
004192
004618
004168
006231
005412
004243
049872
004556
006879
005908
012090
004660
012215
005582
005951
004196
011986
010418
013450
000226
005405
048972
000095
012903
049274
003552
003596
012553
013063
005317
005222
005496
005035
013028
004107
049586
009690
006186
005314
010718
003408
006791
000640
012186
009931
009773
006735
012153
012604
005143
009700
004147
003803
010575
004394
004649
009777
050119
005034
006956
004338
013178
004563
012894
005208
009693
004163
049235
007042
006969
050109
049491
006802
050055
007041
000234
004525
049714
006247
005158
004633
004527
005124
003508
048584
006168
005052
010533
006697
000218
009696
003572
003818
048625
007134
006548
004331
004910
005020
048880
004208
048716
007102
006680
003495
000984
003465
004187
007032
013114
003603
009862
003459
004069
009772
012122
013515
004827
049470
048719
012662
049405
048631
006640
007057
004156
006452
049381
006361
004329
003483
012219
049720
003497
006944
006427
004179
050126
007176
011480
000601
012295
006958
006679
048627
003484
006501
004648
004655
010719
004158
004504
012649
006978
012180
000346
007033
006459
048503
004601
005573
003520
001730
006822
006393
006816
004646
003502
049545
009866
003872
012131
006422
006728
005132
006235
006330
048496
006596
006487
004661
004180
011987
007657
004965
048772
004209
049713
004698
012205
049883
007071
003444
012195
049543
004233
049694
009692
012150
009708
004629
005046
004164
