012660
001694
001863
009662
049983
000478
001509
012468
001653
049353
000408
005874
000591
011599
002893
013366
010700
008956
002171
002920
001492
013360
049984
002569
001503
010378
002015
000854
009626
002601
002037
000960
002391
000992
002227
009178
008343
049115
009793
002614
011036
010944
049070
002468
011301
002556
013344
048975
007462
010969
000942
000910
000374
000925
000934
011224
009667
002013
011270
009093
002518
009751
006022
009743
049066
000466
049925
010336
011346
002647
048462
012486
049351
002467
002909
008966
001551
005965
049092
009627
001182
002775
011904
000610
013288
001243
010410
002804
001091
002670
000809
005641
010549
009745
003036
008172
002849
002409
049380
001469
001118
010894
005855
002550
010340
002034
005742
049373
049089
002915
002572
000898
049911
000022
001410
011317
002905
005597
009629
048415
003027
000006
001324
008071
012882
000465
003177
000514
009794
050026
002971
004359
001325
002674
002459
049506
000499
005599
001279
000966
000826
003115
013407
009414
001072
007183
006216
001074
000556
049900
006021
001649
011749
003178
011746
000548
001334
009404
001662
000558
011243
003080
048997
010593
000675
008353
001076
006175
001300
011913
000975
011276
001568
000888
008777
001511
009419
006936
002191
010622
000484
000672
049376
002524
000600
049991
013452
003084
009655
001420
006143
003098
000662
013469
050044
013074
006041
009001
002553
009940
011691
049069
012732
048473
000644
001349
011117
003291
001654
001120
011595
049518
008297
049905
013382
000740
049006
013466
007174
011164
001235
001719
009677
049390
000709
008275
005797
000692
010990
002166
009830
000437
000463
001199
000481
010737
012843
001481
049027
001362
002113
002903
049923
001769
004794
002594
000443
001288
007112
001376
008776
006295
049000
001708
010319
001482
