005884
005894
005769
048582
005767
005928
005817
005893
005885
005849
048646
005725
006166
011306
002421
006164
005748
006317
008668
048499
011305
012013
005702
005844
005931
005778
005756
005930
048798
005777
006967
006815
005853
005842
049672
012036
048678
005724
012725
005709
005958
005961
005937
010925
048612
005936
048664
006134
006814
048965
005960
049711
005726
000928
012061
009646
005890
005780
005642
009674
006057
005895
005664
012034
005870
005883
006001
006063
006151
049565
005869
006139
005763
006490
048963
006092
048556
049427
005851
005835
005808
006608
005904
013194
006083
005903
008862
005924
006610
008688
005660
005683
004711
005854
004580
005779
048431
008636
049438
012376
005784
013012
005747
008756
005749
005899
005612
009429
005819
013077
049606
012046
012043
006113
004145
002101
005782
049763
002360
006570
009090
010424
006120
005954
006569
013081
008703
005886
005465
006097
049561
005935
009637
010817
006568
005897
048821
005768
001731
005653
005781
012029
049477
005117
012189
005963
012570
005540
005916
001634
011092
005839
012049
005826
012002
005911
005984
013095
049564
010618
006277
006949
007066
006082
006401
006090
011967
012053
005942
013458
010503
012518
005750
011166
003106
