2583
8952
6042
1600
1055
9032
5863
335
48429
2596
940
663
49025
8918
49421
780
5816
2412
1465
2600
12629
49071
584
8995
1599
5675
988
2042
2190
2202
4427
6061
11706
2668
1451
6032
1223
755
5898
12813
9012
48981
2814
10405
12873
2218
11252
9016
336
10627
2041
945
9657
756
1483
9870
1924
12757
49111
2160
4429
2381
1282
2714
828
2688
1510
8564
2134
927
2275
3186
2645
2138
2156
858
8934
1474
2739
7991
2769
9432
49459
49908
2207
49033
125
2515
48422
8203
8574
2547
2925
2084
1757
2264
13505
2229
2766
6360
2708
1100
920
13506
2822
734
4447
2368
721
12898
2196
3259
5829
1254
2197
48857
