001694
009626
013288
002893
013344
049115
002569
009667
000942
009627
010410
049066
000934
000466
002227
002647
001653
049925
001091
000662
002171
003036
013360
009793
009629
010700
006022
002556
005965
009419
012468
005641
048415
000591
000478
005874
049069
001118
002572
002550
000826
013366
009655
049380
002849
001469
050026
012732
008966
002459
009414
000022
005597
049983
006021
010336
005742
010549
000925
000975
001324
010894
006216
002674
000600
000556
009940
011270
002034
009662
001492
002915
001863
012882
011346
009794
002670
000548
001074
000910
009404
012660
011599
000484
048975
000499
001503
000898
002518
001243
002601
002804
049373
010944
004359
009677
005599
008777
000966
011749
000006
000854
001279
000675
001509
049089
007462
003177
003080
002409
011904
011224
011317
000960
010969
013407
000709
049911
000992
048997
049984
000408
011036
049353
001182
013382
049070
000809
009743
001551
005797
049506
001662
002614
009178
002467
006175
010593
002909
048462
008353
009001
006936
008172
007183
010340
013452
000610
002391
049991
002905
013074
008956
008071
000672
001481
049900
011746
049092
009751
002468
009745
001654
000437
012843
003178
001410
000481
008776
003027
050044
012486
000558
002971
011301
002553
011913
002920
049351
001649
011243
000888
008343
002166
011595
007174
001349
002113
006041
000692
003098
002015
000514
001076
011276
001199
001300
013466
002037
001708
002524
013469
006143
003115
048473
008275
001325
000644
003084
001334
009093
005855
010990
000465
001072
049376
000740
002191
049006
049905
002775
002903
001120
011117
001568
001362
008297
000374
001511
003291
049390
009830
010319
010378
001235
011691
002013
007112
049518
049923
001376
001719
004794
001420
001482
006295
049027
010622
000463
010737
000443
001769
011164
001288
049000
002594
