007276
007017
011359
007359
048701
013094
007959
048630
011814
007372
007323
010487
007576
010915
011144
010329
011719
010606
049471
011650
011577
012964
007280
011834
007549
007643
010757
007719
007428
007416
008057
007734
007584
011786
013211
010325
007918
011773
007609
010485
008082
007729
011661
007630
012608
008068
013111
011330
008119
007908
007605
007692
011653
048853
011937
011167
007519
008116
048726
010635
007930
008148
011790
007689
011336
010500
011444
010445
007517
010917
007955
013001
008138
007601
008003
007480
007577
011008
007583
007443
007984
013314
008147
008053
010459
012390
010482
007744
008114
010785
007757
013205
008042
007727
011286
010985
048833
010532
011581
049340
007807
