6435
49523
6506
895
5727
5753
496
6046
813
628
702
621
5017
6952
5881
13346
11562
5888
6436
6486
1906
303
1945
5852
6081
7170
1211
10209
49100
48723
5730
2604
5772
5925
6648
49420
904
5995
5876
49788
4402
9660
1560
1584
5684
9420
5994
10710
3013
50012
2743
785
11962
6329
723
5588
12972
6476
6098
12812
6025
2678
5655
13437
5845
5810
6986
5674
6066
9609
8857
6413
7185
8626
1178
48494
6621
49868
1620
2610
1409
6405
9375
10945
9256
5836
1117
1222
306
13501
49631
48425
9436
5970
49645
13493
8742
2474
5663
1137
9635
1477
12841
5837
5914
1021
9411
49080
8836
5827
13355
1172
13089
5766
9406
11079
10568
759
792
5840
5646
9122
5968
12039
6391
6285
1353
1268
9288
3090
6122
9398
49008
10330
6550
5918
6416
13088
12590
5649
918
445
6038
9072
49019
12902
9357
9123
436
5843
49312
48558
1642
892
49057
5912
6056
48505
1549
9062
1561
13253
49021
13473
1056
6163
11332
5793
8858
10978
10331
8962
5644
12779
12691
2607
6018
8866
13222
5706
648
819
7187
5917
8711
5658
12009
5988
2493
1981
2825
5737
9094
8696
12568
924
2375
914
49043
49120
8741
6470
48605
