010308
000137
048939
010290
010051
010228
006842
010225
006984
003911
049831
004042
012239
050188
010252
010317
010258
048935
010115
003776
010154
010011
010175
010091
006474
009494
049280
003770
006630
010294
010128
010030
010293
010235
010246
006605
050182
010099
049814
003993
049804
006755
010140
010132
010031
005164
010047
009593
009455
048502
010126
010185
010000
013527
049825
010056
010254
003758
006205
010114
048934
010269
049299
010283
010143
048915
010281
010155
007055
004110
049297
004246
050030
006244
004081
009979
005232
010070
049462
003983
010220
004249
010153
003869
010259
005045
010232
049828
048913
010119
010116
049216
010168
003400
006841
003479
010181
050078
010086
010263
010019
010250
004047
010233
003788
006206
003469
050091
012916
006209
010222
010020
004299
010312
010672
010005
010239
010012
012280
010159
049288
006925
010087
010064
010009
006650
010162
010244
003913
010039
010291
006309
006439
049838
010166
003890
010069
009581
049834
009550
006844
048755
010247
010102
048910
010138
009978
048765
049815
010073
010260
004535
009982
010085
010134
010013
049322
010236
010034
049295
003466
006252
007079
010074
010310
010160
049837
004109
004028
048892
010215
010081
049839
010182
009784
048402
010265
004289
004641
010033
010212
010295
049201
010253
009998
009989
009530
010100
049800
010007
048773
010083
006858
006629
010214
049294
049168
049314
010173
003888
010023
049291
050166
010315
004663
010003
049413
010280
048932
000186
010080
004120
010276
004115
006703
003354
008576
006902
003467
010038
010035
009587
006485
010156
003687
003871
006878
006269
010084
010021
004268
048555
010963
010279
049695
006654
048940
003462
048774
003963
010152
008466
010277
049320
009995
050173
004985
010180
