009277
008793
050021
012433
005877
012973
008809
005722
005662
009318
007048
009350
008885
008689
009389
008856
048946
008979
009348
009391
005471
009343
009345
007051
009005
006181
009985
009468
005668
005589
005472
009324
005807
008899
000638
049330
006882
009310
009386
049329
009356
009385
008851
008675
050019
049282
008700
009358
048444
009312
049303
009307
008674
008896
000345
009158
008681
007064
008912
006140
008996
048907
009084
005673
049823
008884
006040
009082
009983
008954
013151
007121
006392
001758
008649
005929
004529
048949
012628
013027
009323
008832
009226
009383
000130
008691
001838
009372
009378
008768
012199
001609
005670
048754
048938
048779
012023
012015
009243
009344
008833
009031
002159
006100
001554
006939
008673
012585
008830
006045
008428
006734
009305
003003
009315
005803
008529
008990
009354
009311
009118
009384
048948
002290
009380
008413
010017
007165
012625
006736
009369
009335
048831
008817
012671
009346
009367
001843
048911
006924
001526
009363
009326
013174
048412
007151
005759
009328
005676
006320
009334
010002
008692
006748
009320
008672
008442
012008
009341
005846
008690
012592
009276
009119
009023
008686
049378
010278
012421
008412
011263
009388
006745
009303
009474
002206
005943
012058
002155
006135
049289
012201
012667
012056
009342
048504
008791
008910
001608
048928
008975
048850
048426
001168
000052
005760
005997
048797
009366
011265
049753
008650
012398
049638
005798
006006
008725
010419
001773
009332
002000
012874
048979
009476
048676
006037
001750
002627
002297
004632
005647
009293
