010140
010215
009593
049216
010115
010265
010083
049291
049295
010214
009581
004028
006474
010159
010185
010173
009982
010252
010312
010020
048892
010064
010099
049828
004081
010012
010134
010074
010126
049314
008576
049280
010154
010003
007055
009998
009494
010116
006842
050188
048910
009979
010114
010212
010250
010232
010011
010182
010294
010056
010009
010290
010175
010228
049800
004110
010039
010220
050182
010246
009978
048939
010005
048935
010269
010258
010235
010070
049837
010069
006858
004535
049804
006925
010168
009784
049322
010259
003354
010166
048915
050078
010181
048755
010143
010281
010019
010308
049299
010283
010263
048934
004246
009550
010073
003400
009455
004289
009989
010091
003911
048402
049201
003890
006841
010051
004042
010030
049288
010080
049839
005232
010295
010291
010225
010021
049838
010293
010047
007079
010162
049294
000137
010031
010254
049297
049831
049825
050030
010034
010081
010310
010244
006439
013527
048773
048765
006844
010160
006629
010155
010000
010038
012280
006630
009530
010233
003888
006205
010280
010253
050091
010128
003479
010132
010222
010153
048502
003913
003869
003776
004047
006755
006206
005045
049834
010317
003770
006209
048913
010138
010086
004115
003758
048932
004663
010087
006878
005164
006309
004641
003983
049413
010260
010102
004249
010013
049814
004120
012239
010239
006984
006650
010007
049815
004109
010119
049462
010247
010156
003993
010100
010035
004268
006605
010277
010276
006902
050166
010085
003469
010315
003467
010033
006269
010963
004299
049695
003871
009587
003788
006252
010236
003466
003687
006244
012916
010084
003963
010152
010023
006485
049168
010279
010180
006703
000186
010672
003462
048940
048774
049320
008466
009995
006654
048555
004985
050173
