008839
002866
008815
002876
009061
009186
008889
006052
013425
008894
001682
003198
011304
048681
012385
008804
011712
009132
008821
049989
009040
002560
012857
009266
010429
009274
008717
008642
012531
001026
009074
013391
049732
009067
007044
008950
006112
008909
012858
009340
012892
048506
006030
009151
002157
008807
001974
012003
012856
000578
009508
008803
008928
006762
005679
049705
006983
008829
048789
008731
001751
005828
010539
006769
008669
049820
009321
006505
008683
008739
048393
006077
008727
049934
000820
008823
012051
009492
049806
009327
009009
001728
002672
008898
009182
012727
001735
050076
008908
008349
013164
002623
002636
009269
050161
011410
013427
013511
002480
050158
001564
008868
009207
005813
012441
002655
009410
050184
009379
049810
009140
005273
008604
006114
013393
011314
005838
006110
000329
003099
009141
009267
006053
009390
013408
000487
002144
008792
004736
