002075
002073
005735
013368
013098
005652
002107
048418
001487
012879
002490
012909
005697
002012
000923
012889
001335
048606
007992
001610
012993
008704
002494
005625
009633
002027
000574
002558
001864
012094
013414
002048
000757
001605
008661
010837
000458
002549
002108
012751
003048
001160
002088
011861
006856
012859
000423
000427
002167
005614
005915
012534
000987
049932
001271
001601
049083
008892
005794
013457
005701
048893
001379
001186
007747
007320
006137
006116
002938
012546
005905
001736
049514
002009
002059
012724
001109
010857
009134
003220
001576
007654
010464
010508
012755
000877
008204
001855
000893
002106
048468
006007
000560
010355
007700
013349
006784
048688
011807
008693
013056
000489
004436
002022
002025
012506
001343
006812
050018
001520
008112
010505
003063
001345
007160
010582
011443
