003030
004333
000252
004330
005110
005636
004982
000258
005311
000255
000168
000169
005315
004486
005518
049245
004307
001061
005463
050139
010372
000292
004301
002727
008726
000300
007047
005474
006220
011991
005566
049416
013367
003330
011994
001938
001853
002735
004509
005459
002797
005560
004247
013263
000202
000272
002301
006711
003760
005458
012904
012728
005504
005475
002726
005088
000158
000579
005199
009478
005882
048812
049478
004479
000166
009480
003150
001725
012100
001857
048703
005453
013523
000857
005484
004489
006273
009739
004198
006644
008182
006881
002314
005531
004160
049361
003487
006224
006657
005494
002237
005268
012359
005036
004585
000134
005549
006182
000232
005454
008421
002292
004232
006109
048491
003281
004536
048705
000179
011992
009748
008734
005468
048694
000254
005460
011623
009843
003151
004701
000013
006219
006594
048649
004395
011995
000237
005530
009854
002386
013193
005456
001932
008872
005455
005470
006586
048459
006246
048944
005476
003188
011964
006747
000060
012245
003130
012741
009206
001943
001208
004491
048650
050054
006266
049795
005638
000213
005212
001939
004530
049762
006312
013516
005568
005579
004161
004523
049480
013281
004167
006213
005955
049860
001658
049590
008714
005608
007040
001936
012277
001698
003859
005799
009065
002923
002845
009193
000667
009230
011333
012442
007195
005507
006636
004137
006776
005809
013449
005118
005477
049383
007077
009729
006396
012331
003587
049076
005499
001476
009595
000294
003140
000180
004539
050123
004379
006591
000613
000615
011334
006547
007167
006916
012613
007043
048746
009740
009014
012792
