009277
050021
008793
008809
009318
009348
009350
008689
009389
007048
048946
012433
008681
012973
007051
005722
009391
005662
009468
008856
008885
009324
009343
009307
008899
005877
009310
005471
005807
008674
008675
009386
009345
049329
009385
005472
009356
050019
009358
009312
000345
049330
008691
009323
007064
005589
049823
048949
049282
009985
048444
009983
006140
009344
000638
013151
012199
048907
008896
009158
006181
009315
008996
001758
009005
004529
009372
009383
008979
009378
006882
008851
008673
005668
012628
013027
008700
006734
005929
048938
008912
008649
048779
006939
005803
006392
009369
009380
002159
006040
049303
048948
009084
008884
007121
012015
012023
000130
001609
009363
009305
010017
009311
008954
048754
005673
005670
009367
001838
006100
009226
009384
012625
012585
009335
006748
008428
009326
008672
009082
008529
048911
006045
009354
009118
007165
008830
009031
006736
006924
008833
048831
005759
008690
009334
012671
008832
007151
008990
009328
009346
002290
008413
010002
009243
005846
001526
001554
008442
008817
009341
012008
008692
009276
049289
006745
010278
048412
003003
008686
008768
012058
006135
009474
049378
009388
012201
001843
013174
012667
012592
009023
008412
011263
005676
009119
048928
012421
002206
006320
009303
009342
005943
009320
008791
048850
008975
001608
002155
008910
012056
000052
009366
048797
001168
048426
049753
001773
048504
008650
005760
049638
006006
011265
005997
008725
012398
010419
009332
048979
005798
012874
001750
048676
006037
009476
002000
002297
002627
005647
004632
009293
