008378
002687
008402
008474
000008
048442
002150
012746
008580
002152
002125
002517
000004
001881
008589
002126
001865
001980
002699
008520
002698
008513
002562
002507
002656
002711
000024
008420
008581
002837
008410
003180
001871
008772
002437
001966
001874
000025
001910
048988
002282
008384
002445
008450
049328
008368
001860
008558
003121
008736
002322
000040
002439
001914
049944
002179
001913
001823
001873
002339
049466
002199
049879
002309
002395
002332
008509
001965
008391
002303
003179
049945
001888
008411
001890
000018
013435
002162
049822
002394
002210
002709
002914
049064
000590
002831
048439
049029
001822
000027
002745
002712
048871
002899
013559
002662
001820
000042
001859
000023
001825
002436
001892
001896
002694
001996
002096
009285
003195
012396
001898
001964
002496
000032
002329
003146
003043
002886
002725
002635
002855
012942
003051
002969
002217
002320
002747
002848
002864
001833
000031
008539
002345
002221
001985
001806
001754
003191
008583
008865
001846
001839
002354
001998
001895
000044
003073
002713
013353
012905
001775
048434
002291
049377
000035
001897
002420
002884
002010
002016
008893
001824
001767
001103
003092
049065
001982
001848
002838
001827
002889
001885
009290
001854
001746
002346
002123
003053
001763
001771
002047
011848
001995
001766
009054
001768
013262
049018
001845
002703
002754
001810
002790
002963
049882
049963
048982
000033
011644
000034
001819
001738
012420
012643
002063
001759
002163
002715
002300
049887
002051
002158
009166
001791
001841
001782
009213
002695
048986
049009
002857
002530
001774
001840
001887
002741
009205
001805
001803
049629
001799
001889
002545
048994
000029
001814
001755
001737
049946
001983
001772
049888
009201
001795
001979
049002
001776
009237
048993
011761
001753
001740
001800
002484
001808
049847
001748
