000715
000716
001388
000778
008103
013463
001136
049993
007650
010865
009939
012815
001541
011120
000729
008747
007188
002706
000691
001573
011302
007389
008870
007889
000341
000862
049974
001135
008265
012614
000340
000516
049055
006375
049135
001010
013462
011934
008336
049015
008289
012868
000021
012719
000642
000003
000020
049935
012615
012657
049112
001090
012783
000476
001009
001159
011955
001713
000810
007939
000656
001363
001131
006161
011373
009601
000660
001424
007732
008207
001699
013484
003301
000947
007974
001706
000765
000695
049058
008307
012492
001337
007931
000583
012840
006517
011591
001207
007179
008001
002960
001535
001570
011699
001023
006353
049061
012601
003175
000980
005800
012713
001677
009683
000965
007178
048783
001673
001147
049938
007326
008084
001110
013468
012839
000495
000996
001355
008232
049548
001536
007675
013399
049541
001030
000938
008303
002403
006298
001377
001416
001163
000654
049980
048989
