011418
013048
005378
010192
048560
012674
009869
048874
010994
009956
005435
012361
003730
012203
008786
009435
011506
011953
001263
012321
003224
000282
009969
003953
012325
000627
002174
010986
003590
008983
011515
011821
004590
013057
008346
009196
010704
002250
011313
004351
049712
004370
011832
001479
002173
009825
013199
011489
002092
003719
012434
004365
011077
009073
004358
013202
002114
003117
013122
048733
012347
007986
011254
004595
011181
012208
011398
011361
010913
004353
011409
012488
011682
009724
011349
010613
049626
004117
002286
011796
012695
011469
013179
049664
009176
011946
011869
050000
012992
011765
013157
004371
012389
003493
011293
011411
010987
002170
013071
011404
011940
011680
009272
011569
013130
011802
049512
011470
003725
049793
049558
011457
003207
011483
010996
048792
