007790
008012
006942
008146
049846
002370
008054
007733
007951
003274
010476
007934
007952
008234
002481
007720
007330
006985
000769
008238
008164
007496
011176
010415
002414
012559
002486
002576
007453
007365
007446
049772
010481
048842
007803
049647
006593
007528
007581
048843
007279
003208
008169
007268
048651
007375
007760
007762
007872
049440
007360
008838
010884
000455
013113
049770
012580
010515
011730
005433
006327
007903
008048
008162
008081
007514
049439
005371
010816
007663
007209
011439
007511
007358
006397
007728
008091
011787
009641
007271
007537
003205
007201
007923
011315
049099
010819
049894
049485
003203
002362
007579
011437
049573
049074
008134
008200
010437
008153
011213
009885
007258
049754
002531
000318
005811
010438
013271
007736
007278
011300
007673
007661
049637
007737
001123
008145
007553
003240
013489
012911
012485
049014
012579
008029
011594
008125
048452
007782
008158
013526
003156
007678
013101
007706
000454
006325
007307
001598
007996
008052
013117
007520
012639
011610
008179
