009389
009277
009348
008689
007051
012199
012973
009468
050021
008809
009310
009307
009350
009318
049330
048907
049823
008681
009324
009391
048938
009312
002159
012433
006882
050019
005807
007048
009356
001838
012015
012023
009311
048946
009315
009358
001609
008675
008793
009385
009367
008674
005929
008885
008690
009344
009343
009380
008691
048949
008899
048754
006100
007064
009323
012201
009372
000130
049329
006736
001758
009474
005722
012628
005662
005877
008856
009005
000345
009983
013151
006734
009386
002206
008954
005589
009345
008700
048948
008996
009985
009084
049282
006392
008912
000638
006140
005471
009305
008672
012008
009158
005472
008413
009363
049378
009326
008428
009383
013027
002290
048779
008649
008830
008673
009031
008692
004529
001554
005803
001526
006745
009346
006748
008896
008442
009369
009334
006939
048850
008990
008851
008529
010017
012058
012625
009342
009335
006040
048444
049303
005846
005668
001843
010278
006135
009328
048911
007121
000052
008979
048831
007165
009118
012056
048412
008817
005670
009378
009354
008412
009384
009023
010002
005759
001773
049289
012671
002155
009276
001608
008768
008884
012585
005673
006006
009366
005943
009243
012592
008833
006181
003003
008686
006045
007151
009226
006924
009388
013174
009082
009303
049638
009341
011263
008832
005676
008650
012667
048928
005760
009320
005997
009332
049753
012421
009119
008791
048426
048979
008910
006320
012398
008975
048797
001750
001168
048504
005798
011265
012874
006037
002000
009476
008725
010419
002627
002297
048676
004632
009293
005647
