006997
006845
006947
048761
003492
003909
003946
007053
007081
007080
006643
049229
007113
011085
009706
004628
004970
003660
003951
013275
006843
012575
006869
012565
004727
049610
007149
011704
006796
005284
013159
006615
005195
006609
050144
003610
003608
012689
012617
006264
011911
050122
049484
006218
006172
003460
006820
049218
048790
048742
006877
003488
005177
004623
049708
004772
012637
004979
004809
006914
003401
007007
004924
006846
003619
006840
006301
049556
012646
005318
006236
006859
049419
013145
004327
005024
006884
004927
006339
009726
006653
049208
005381
013208
007111
050097
012227
005298
004324
006908
049411
049526
006399
013214
049611
012282
011950
006829
006804
004983
006284
005543
010333
009782
012638
003613
006543
007074
004130
007022
005350
004816
005226
006865
011028
004057
006810
009703
007018
009733
012935
004183
005344
049447
005068
003616
003617
006663
003739
006190
006910
011745
005084
004670
048827
004885
004990
049273
006267
048573
004671
006883
004817
004730
005324
007052
006217
004856
005307
004172
005369
004204
012247
049609
006188
007144
013052
005134
007109
006614
005106
004743
005391
004728
048478
049643
006899
004292
004274
007141
009774
006867
005385
009747
004797
013542
048518
003448
006824
006761
005093
009691
002351
013513
005296
004285
012444
049448
004880
004811
012611
003618
007315
004892
007001
048849
048878
004765
012607
013555
004837
009766
004756
006270
005000
004838
009731
009405
009752
009727
009712
009713
002001
