009277
050021
008793
008809
009318
009348
008689
009350
009389
007048
048946
012433
008681
005722
012973
009468
007051
008856
009391
005662
008885
009324
009343
008899
005877
009345
009307
009310
005471
009386
008675
049329
005807
008674
009356
009358
009385
050019
005472
009312
000345
008691
009323
048949
049330
049282
009985
007064
006140
005589
049823
009344
048444
009983
009158
000638
012199
009005
006181
048907
009315
008896
004529
013151
009372
009378
008979
008996
001758
006882
008673
009383
005668
013027
008851
012628
008700
006939
005929
006734
048938
008912
008649
006392
049303
048779
009369
005803
009380
002159
048948
006040
008884
007121
009084
000130
012023
012015
009363
001609
009305
010017
009311
008954
005670
005673
048754
009384
009226
001838
009367
006100
012585
009335
008428
009082
009326
006748
008672
008529
012625
009031
048911
007165
009118
006045
009354
006924
008833
008830
006736
009334
007151
048831
008832
008690
012671
005759
008990
009328
010002
009346
005846
002290
009243
001526
008413
012008
009341
008817
008692
008442
001554
010278
009276
006745
049289
008686
008768
003003
048412
012058
006135
009474
001843
049378
012201
009388
013174
012667
009023
012592
008412
005676
011263
009119
048928
002206
009303
012421
006320
009342
005943
009320
008791
008975
048850
001608
002155
008910
012056
048797
009366
000052
001168
005760
008650
048504
001773
048426
049753
049638
011265
006006
005997
012398
008725
010419
009332
005798
048979
012874
001750
006037
048676
009476
002000
002297
002627
005647
004632
009293
