10308
137
48939
10290
10051
10228
6842
10225
6984
3911
49831
4042
12239
50188
10252
10317
10258
48935
10115
3776
10154
10011
10175
10091
6474
9494
49280
3770
6630
10294
10128
10030
10293
10235
10246
6605
50182
10099
49814
3993
49804
6755
10140
10132
10031
5164
10047
9593
9455
48502
10126
10185
10000
13527
49825
10056
10254
3758
6205
10114
48934
10269
49299
10283
10143
48915
10281
10155
7055
4110
49297
4246
50030
6244
4081
9979
5232
10070
49462
3983
10220
4249
10153
3869
10259
5045
10232
49828
48913
10119
10116
49216
10168
3400
6841
3479
10181
50078
10086
10263
10019
10250
4047
10233
3788
6206
3469
50091
12916
6209
10222
10020
4299
10312
10672
10005
10239
10012
12280
10159
49288
6925
10087
10064
10009
6650
10162
10244
3913
10039
10291
6309
6439
49838
10166
3890
10069
9581
49834
9550
6844
48755
10247
10102
48910
10138
9978
48765
49815
10073
10260
4535
9982
10085
10134
10013
49322
10236
10034
49295
3466
6252
7079
10074
10310
10160
49837
4109
4028
48892
10215
10081
49839
10182
9784
48402
10265
4289
4641
10033
10212
10295
49201
10253
9998
9989
9530
10100
49800
10007
48773
10083
6858
6629
10214
49294
49168
49314
10173
3888
10023
49291
50166
10315
4663
10003
49413
10280
48932
186
10080
4120
10276
4115
6703
3354
8576
6902
3467
10038
10035
9587
6485
10156
3687
3871
6878
6269
10084
10021
4268
48555
10963
10279
49695
6654
48940
3462
48774
3963
10152
8466
10277
49320
9995
50173
4985
10180
